Run timestamp: 2026-04-10 13:55:59.361138
cumulative_skill_weight_cutoff: 0.8
herf_cut: 0.166666666666667
n_paths: 1728
n_untrimmed_rows: 1702
n_trimmed_rows: 1460
n_noc2021: 504
